22.8945	12.8986	2.1987	0.557	0.2943	14.9756	9.3203	-7.9253	52.36	118.838	+1
30.3139	11.9777	2.5366	0.4244	0.2137	22.5751	25.2755	9.3084	30.757	157.636	+1
36.3453	11.6641	2.721	0.4125	0.2367	22.6339	28.9547	-6.721	58.16	234.293	-1
88.6132	53.2073	3.5684	0.1767	0.0982	-48.5041	-73.2739	-40.4508	59.808	306.821	-1
79.8595	36.1835	3.675	0.2153	0.1149	-26.4658	-19.1244	-12.5419	1.827	356.012	+1
16.2721	11.4997	2.382	0.6017	0.3589	-2.4045	6.0009	6.8902	25.4875	201.869	-1
40.4564	16.8244	2.6702	0.3739	0.234	-14.4532	-22.0768	11.572	18.698	143.712	+1
101.542	20.1867	3.2626	0.431	0.2319	-57.9937	-73.5207	-24.8057	15.5822	384.412	-1
18.5924	6.937	2.4935	0.8475	0.4254	-8.2349	12.2213	-3.9562	83.5983	171.524	-1
19.8108	18.5803	2.3454	0.5418	0.3002	-11.4779	-20.7586	16.3058	87.5784	96.2807	-1
17.6353	2.6886	2.2643	0.8113	0.4895	4.914	7.0239	3.2227	26.5873	208.5689	-1
23.9807	11.7305	2.6232	0.4738	0.2702	-15.5843	10.4892	6.9346	3.786	201.128	-1
51.8055	34.1485	3.4283	0.1749	0.0893	8.4382	-44.1334	-10.7532	42.267	130.809	-1
32.1778	18.286	2.9457	0.3773	0.2045	29.0934	18.0695	17.8736	39.654	163.181	-1
37.2735	20.2912	2.3909	0.3943	0.2215	-40.9821	-25.8559	13.4106	17.7959	215.424	+1
57.8276	21.7883	3.1697	0.2327	0.1377	33.7419	49.5686	14.7685	1.965	243.866	+1
45.397	9.8762	2.872	0.3904	0.2007	6.917	47.6066	-3.6372	29.0002	245.3801	-1
38.9566	14.1448	2.7662	0.5948	0.384	-38.6958	-32.9909	4.7953	17.0214	314.7395	-1
57.055	25.7825	3.0648	0.2136	0.1227	-16.7561	45.3846	11.8975	18.2893	200.365	+1
18.2899	16.9979	2.4362	0.5165	0.2912	14.9739	13.8627	10.3602	23.367	197.529	+1
53.7339	15.4395	2.4298	0.4572	0.2955	-45.8108	-40.3603	-9.3853	1.886	32.6827	+1
174.5756	58.4529	3.458	0.184	0.0971	-137.2611	-198.1595	45.5054	27.5121	359.1252	-1
18.8069	16.4272	2.2355	0.5756	0.2994	-1.0363	-10.5534	16.8676	29.692	224.387	+1
28.2866	6.7738	2.1959	0.586	0.2962	-7.1484	-17.522	1.2828	36.5127	274.118	+1
94.2528	26.9852	2.8239	0.4415	0.2741	-72.1274	-69.2278	20.2146	49.8155	277.6757	-1
19.1984	7.4598	2.0881	0.7429	0.4531	-0.9994	6.1041	4.226	11.249	131.125	+1
24.4287	14.7729	2.5484	0.396	0.2419	8.0372	15.2399	8.4919	12.329	218.88	-1
36.9888	23.6138	3.1908	0.2256	0.1138	51.4269	23.8581	14.3367	5.2373	182.452	+1
16.082	2.4686	2.536	0.8703	0.6098	2.05	6.6183	3.7406	67.027	200.1501	-1
32.5567	25.388	2.9191	0.2361	0.138	21.6256	18.3276	-17.836	2.952	101.115	+1
94.8262	34.3604	3.6921	0.1908	0.0999	-44.6184	51.842	-15.2767	0.5894	353.536	+1
53.238	20.45	3.0406	0.2723	0.1389	54.0039	43.6942	12.9959	5.6926	235.78	+1
36.2224	9.3149	2.643	0.4528	0.2696	29.1757	28.1541	4.8776	5.066	136.539	-1
250.088	45.9908	4.0203	0.0752	0.0495	-353.26	-206.378	-18.5736	82.2326	43.3838	-1
20.443	11.814	2.2945	0.6244	0.3376	9.6306	20.2117	-8.4187	8.711	198.71	+1
34.691	10.8773	2.7189	0.4623	0.2378	12.631	28.663	-9.1292	51.336	245.841	-1
64.9081	16.3647	2.8241	0.2279	0.1282	-22.8831	-42.0859	10.438	8.841	202.51	+1
19.7308	18.5745	2.3314	0.4709	0.2401	12.0694	-18.3026	-12.7012	8.753	141.174	+1
29.8023	10.9847	2.2999	0.4862	0.2882	27.7037	24.3173	8.5655	0.352	209.784	+1
106.05	33.6443	3.6139	0.1703	0.0965	-61.7435	61.4413	16.4733	1.987	359.884	+1
39.9634	8.7262	2.695	0.3875	0.2351	16.588	-8.3608	5.843	56.4487	165.955	-1
100.011	33.4215	4.0373	0.1147	0.0576	-42.9197	71.0093	-7.2555	1.9529	298.428	+1
96.9511	19.204	2.662	0.4737	0.3404	70.4455	102.2248	-4.2373	80.9326	80.9782	-1
20.1939	12.0628	2.437	0.5265	0.2724	-1.6762	-4.8527	-8.7804	16.3257	131.568	+1
73.449	27.4219	3.3005	0.1949	0.1313	-106.4777	-42.2207	27.3266	46.4513	270.7084	-1
19.0891	16.0585	2.9287	0.4985	0.3659	0.1031	14.3193	-7.1731	22.732	181.272	+1
36.0383	14.4691	2.9222	0.3481	0.1752	29.8792	31.4879	11.2548	4.35	188.978	+1
19.4019	12.8113	2.5838	0.5476	0.3194	-12.0816	-15.4461	-7.1279	12.6022	195.098	+1
44.975	19.5491	3.1449	0.2385	0.1357	27.2114	38.7322	14.0529	52.673	257.642	-1
24.4699	12.8827	2.2833	0.5573	0.3047	28.6801	10.5679	7.79	77.826	175.775	-1
131.046	82.5585	3.3253	0.2095	0.1076	65.7691	86.4194	66.7253	69.433	409.482	-1
68.8405	16.3463	2.6128	0.3171	0.1695	-104.369	65.8943	6.9582	39.069	94.7686	-1
29.8389	14.5906	2.6503	0.4116	0.2584	-17.4478	10.6311	9.7966	3.7372	238.473	+1
17.4031	11.109	2.4378	0.5511	0.3011	0.4025	-4.4399	4.8201	52.56	171.206	+1
69.7964	21.7598	3.2262	0.2257	0.1138	81.6993	44.8345	-13.9844	2.152	240.61	+1
189.248	40.6863	3.1299	0.3938	0.294	-126.586	-160.07	-34.3266	33.1477	296.903	-1
37.8354	21.0487	2.5105	0.4475	0.2423	14.4717	28.183	7.7546	13.932	304.316	+1
35.6137	19.4724	2.757	0.294	0.1654	15.3924	30.6005	7.5152	83.468	53.5997	-1
18.1377	10.5243	2.2041	0.5875	0.3219	22.4127	10.4913	4.1503	63.186	167.928	+1
36.0738	12.6927	2.5563	0.375	0.2458	38.6242	26.4191	8.9849	25.8637	138.004	+1
86.3312	18.5662	2.6998	0.3453	0.1747	52.3208	85.3566	7.453	7.6904	290.636	+1
17.6485	10.9792	2.1673	0.5374	0.2891	-0.9245	6.1119	-4.3932	23.7151	112.684	+1
24.0306	11.2437	2.5871	0.6261	0.3894	11.3171	18.1005	-10.7941	5.9344	268.438	-1
15.6403	8.525	2.5807	0.7182	0.4082	28.1945	20.9552	13.261	62.7557	195.7507	-1
20.2473	12.0667	2.5472	0.5475	0.2738	2.9324	-14.1631	7.6082	27.111	216.801	+1
20.724	10.442	2.2788	0.6105	0.3079	-7.9427	18.0789	-10.8265	13.056	201.203	+1
30.3031	11.8554	2.5781	0.3567	0.181	14.9382	-21.9329	-6.1281	0.274	201.537	+1
20.5786	7.1865	2.1746	0.7291	0.3645	23.728	10.6638	-5.8163	56.336	94.4891	+1
123.5097	71.642	4.3904	0.0582	0.0325	-142.8396	78.0804	-48.9085	35.1456	286.9649	-1
37.802	18.8904	2.3646	0.7948	0.5162	35.4074	24.0503	13.1141	62.565	372.313	-1
49.7	12.3963	2.9297	0.2787	0.1452	-11.453	21.1802	-6.0053	47.2621	162.401	-1
200.935	97.3423	3.5904	0.0778	0.0407	-30.5336	164.418	-96.132	80.8515	139.52	-1
62.9257	26.6979	3.1224	0.2339	0.1188	24.5016	44.164	-17.3309	8.6361	261.62	+1
57.6994	15.0819	2.8619	0.3398	0.1604	-26.8302	46.1829	-8.6349	50.6926	244.1902	-1
80.0227	39.5044	4.0087	0.1186	0.0626	76.2288	74.772	-27.862	8.5037	207.781	+1
22.5872	0	2.2188	0.7674	0.4199	-3.4438	13.0312	-0.0001	7.7242	193.31	+1
40.0835	14.5512	2.7042	0.3458	0.1947	-16.8745	-33.8985	7.6887	0.784	220.99	+1
21.8676	15.3845	2.4362	0.4249	0.2546	25.4564	13.5299	3.9643	17.2981	205.663	+1
31.8528	9.1297	2.6535	0.5353	0.3932	23.8483	10.1555	7.1572	40.2082	222.397	-1
34.3377	16.1589	2.9941	0.2788	0.1414	14.7366	-13.8061	10.6127	0.811	196.852	+1
36.1686	18.5335	2.7084	0.2798	0.1536	56.2287	-13.0029	13.5239	4.218	214.564	+1
17.941	7.4752	2.2889	0.7815	0.5219	1.2938	-4.1966	-3.522	2.105	105.236	+1
107.937	40.1083	3.1419	0.1529	0.0783	-102.526	-70.0344	-36.428	22.9433	275.182	-1
19.2101	9.7685	2.4216	0.5909	0.3731	21.5527	12.5988	2.4074	26.2377	169.085	+1
33.6616	25.047	2.7497	0.29	0.1468	33.4667	27.0844	-21.6367	35.279	173.318	+1
35.426	20.6164	2.9345	0.2802	0.1413	-3.8964	27.1753	15.4887	3.278	143.568	+1
83.0808	42.8251	3.2565	0.2781	0.1632	-57.2543	63.6573	20.8354	66.696	337.3921	-1
26.0508	9.2468	2.4691	0.5637	0.3243	29.2039	20.307	5.6914	16.816	176.208	-1
67.9253	31.8348	3.5835	0.1652	0.0841	45.4297	54.2326	-38.4032	0.1225	227.755	+1
41.0578	21.64	2.8606	0.2118	0.106	-1.7635	-8.365	-10.3797	2.203	164.8244	-1
37.6518	15.2293	2.8561	0.4805	0.3015	24.9532	37.9769	6.2648	7.803	184.216	+1
31.3688	20.0133	2.9104	0.3307	0.1801	28.6427	18.2652	-16.1644	2.3965	131.908	+1
32.7703	18.5238	2.4639	0.433	0.2285	5.8166	31.5639	13.8477	42.442	132.527	-1
19.1054	10.9195	2.3139	0.7039	0.4102	14.5035	18.1433	-9.2446	27.662	234.09	+1
43.9906	20.8392	2.5192	0.3026	0.1588	61.9311	-19.9009	8.4017	17.384	211.328	+1
23.12	13.0592	2.3847	0.466	0.2577	24.7351	14.5916	2.8713	42.462	77.5756	+1
16.6163	15.5228	2.5804	0.4674	0.2241	-29.5519	12.876	-5.0035	30.4676	181.3228	-1
86.9716	28.3568	2.9775	0.2344	0.1538	-69.4579	-62.6945	21.712	24.9483	242.9762	-1
48.6413	19.3526	2.8048	0.2978	0.1654	37.0506	20.0806	14.8701	11.287	214.847	+1
142.563	13.4473	2.7447	0.4572	0.2691	-131.051	71.1985	-8.0486	0.8956	302.925	+1
37.0734	19.0059	2.9006	0.2313	0.1201	4.5659	22.914	-9.098	20.7994	183.389	+1
98.5017	16.8173	2.8739	0.3275	0.2012	-60.2336	56.7213	8.1483	3.7729	270.468	+1
68.3319	28.4667	3.3377	0.1273	0.0655	-61.4948	-50.6911	20.1555	23.2244	114.844	+1
143.8199	32.7043	3.4133	0.2093	0.0691	-166.3351	89.8372	-29.4071	27.4639	208.369	-1
149.8522	46.9361	3.2299	0.1746	0.0936	226.8701	-120.6832	19.2565	60.4394	155.0349	-1
17.5896	15.3005	2.5072	0.5381	0.3188	-8.3275	16.1091	-10.0853	21.5205	159.421	+1
18.25	15.333	2.3434	0.5125	0.3016	-7.7452	16.7866	8.702	68.708	207.648	+1
22.7689	17.0966	2.3953	0.5352	0.2716	-32.3802	16.9109	-11.1947	38.404	114.82	+1
29.3319	12.6872	2.5521	0.4067	0.2314	0.1125	-13.8549	-8.6811	28.4935	170.362	+1
165.2576	23.4409	2.7692	0.6639	0.3678	-57.075	-164.4205	17.7674	16.8837	302.3371	-1
100.4709	42.3421	3.5625	0.1389	0.0473	59.5555	73.8863	-37.9681	25.5453	227.8126	-1
19.7721	7.0896	2.2	0.795	0.4132	21.0085	13.0351	-4.6869	10.7736	129.519	+1
18.9595	4.6139	2.4571	0.6909	0.3886	-22.058	-7.4096	-3.446	88.4132	90.5856	-1
29.7094	16.2648	2.3968	0.4971	0.3006	18.8066	5.9749	-12.6827	76.0271	250.8871	-1
28.8217	17.2907	2.8007	0.3623	0.1859	10.3339	24.6497	7.692	3.879	140.62	+1
174.257	41.9042	3.4632	0.1408	0.0793	-205.994	-80.0821	36.5045	34.5846	261.822	-1
76.7307	24.2085	3.037	0.3021	0.1584	12.6502	26.3846	-17.545	3.436	354.313	+1
60.7601	38.9611	2.983	0.2695	0.1109	8.9804	-14.6718	34.85	13.2874	271.2896	-1
39.973	8.8352	2.5996	0.6457	0.3205	35.1519	35.3912	3.5384	36.3987	178.1124	-1
32.6701	11.2413	2.6812	0.4333	0.2594	6.976	9.6426	4.1708	75.0086	159.933	-1
192.425	158.705	4.5769	0.0378	0.0199	-289.293	-175.214	-142.119	48.245	262.607	-1
23.2866	10.5569	2.1987	0.5443	0.288	33.0043	-17.3124	8.7295	33.307	193.67	+1
52.1403	20.254	3.2234	0.1734	0.1019	7.3112	20.9483	5.5489	0.1304	163.027	+1
20.4671	12.3979	2.4005	0.493	0.2565	-2.004	8.5742	10.0544	28.2924	158.395	+1
62.8886	14.5019	3.1114	0.2274	0.0718	-19.8567	-52.1132	8.0932	44.3394	36.6503	-1
98.4509	27.8121	3.2201	0.083	0.0799	-133.637	73.6898	14.3691	81.8677	205.6621	-1
35.8929	7.3843	2.3811	0.5031	0.3056	24.1892	21.891	3.3494	0.583	179.991	+1
86.8639	21.8827	2.632	0.4597	0.2672	-83.7883	30.8593	2.0393	2.0243	257.121	+1
17.7397	17.0523	2.4807	0.5223	0.2661	-4.952	-11.5792	10.2231	3.4241	145.274	+1
55.0123	11.8425	2.8859	0.3212	0.1606	43.2684	40.8969	-9.7756	50.727	75.4475	-1
22.1436	17.8129	2.527	0.4309	0.2719	16.2603	17.3968	-13.3663	14.469	155.124	+1
47.188	14.9019	2.3627	0.5076	0.2972	42.6725	40.4066	-8.1927	18.8702	141.795	+1
15.6021	9.4685	2.5682	0.6312	0.3582	24.1607	22.8723	-9.1663	14.5812	225.2564	-1
106.984	10.4787	2.5769	0.3603	0.1921	81.5029	95.5549	4.0825	7.499	207.432	+1
30.1546	12.2569	2.6026	0.4769	0.2859	-0.2696	-20.3	-7.7299	55.521	168.61	-1
20.973	9.2866	2.281	0.6283	0.3796	4.2855	-15.3278	-10.5249	6.917	243.768	+1
22.0214	6.5474	2.2956	0.7392	0.443	-22.2853	-14.1513	6.6458	47.246	153.197	+1
157.3766	65.3196	3.0305	0.2259	0.0927	301.1996	-161.9202	54.5743	72.6454	157.122	-1
32.4042	9.2939	2.49	0.4725	0.2443	-29.2977	19.8759	4.0236	65.3193	231.338	-1
85.9475	34.3101	3.522	0.1133	0.0624	100.878	68.2724	19.3524	11.692	230.166	+1
22.3454	6.5675	2.2636	0.7411	0.3896	25.0212	9.1562	6.7759	11.9354	131.532	+1
27.0596	15.8193	2.4669	0.4812	0.2884	16.0704	13.371	13.2184	37.992	114.849	+1
41.2412	16.844	2.6222	0.2912	0.1492	-24.2949	18.4922	-12.2418	19.4837	189.459	+1
20.4949	8.4959	2.4116	0.6744	0.4516	20.0534	15.4163	-2.4494	51.998	114.486	-1
126.5899	24.3644	3.2131	0.2186	0.0958	54.7354	71.0188	-16.3862	32.5813	106.2486	-1
44.8602	14.8309	2.993	0.2754	0.1621	-24.7215	20.9483	-6.3106	5.874	237.141	+1
22.4756	11.2507	2.2672	0.5676	0.3	-12.9752	-19.6917	-8.5486	68.163	146.242	+1
13.651	4.8943	2.236	0.7481	0.5542	-8.0374	0.0364	4.3371	58.3071	193.6073	-1
35.8032	20.2219	2.9017	0.3298	0.1737	49.7285	28.2485	-16.0524	11.539	217.455	+1
23.6271	10.4282	2.3971	0.5892	0.3788	12.0872	20.3787	8.4867	62.979	181.696	+1
38.1817	15.9235	2.6906	0.3262	0.1662	10.1326	26.1095	-3.1071	2.572	177.008	+1
21.0071	14.9404	2.4487	0.4875	0.2509	1.809	-6.3112	-9.7286	29.349	190.163	+1
20.0302	9.8235	2.5688	0.7206	0.4791	7.9487	16.3175	9.2826	24.3	177.565	-1
44.6843	9.4991	2.7253	0.3116	0.2309	-17.4209	30.1365	-12.6546	57.0501	99.2361	-1
54.2633	9.2535	2.4125	0.5841	0.3308	20.8476	29.631	-7.9085	11.112	289.514	+1
23.7276	15.6377	2.4082	0.4141	0.2363	-9.7021	-7.8779	14.1417	85.4134	208.726	+1
69.1158	20.1654	3.0461	0.2392	0.1245	24.6108	56.1297	13.4596	0.206	264.562	+1
80.0996	33.8202	3.5356	0.2657	0.1412	23.3353	25.1281	17.825	0.8537	352.474	+1
30.5327	21.6959	2.6248	0.382	0.2432	-7.9124	-28.8645	-15.4248	0.1224	188.344	+1
35.0869	32.378	3.6087	0.1812	0.1045	-6.5013	-8.1597	19.1513	76.074	70.1664	+1
132.954	24.1845	3.1524	0.2337	0.1383	-99.193	-69.3832	21.4538	0.36	322.166	+1
45.5915	10.4855	2.8943	0.4907	0.3011	27.8879	40.5332	3.8857	23.2142	167.0981	-1
32.3526	18.7973	2.8106	0.3016	0.1663	-0.0796	-19.2651	-7.4905	2.021	181.884	+1
27.506	17.6938	2.7263	0.338	0.1775	-28.9954	12.4763	-11.2782	3.3162	187.61	+1
28.1067	20.2598	2.8985	0.3196	0.1623	3.7101	26.6142	-12.753	23.326	95.6755	+1
105.392	52.044	4.2771	0.069	0.0347	-106.21	79.342	33.292	3.107	278.6	+1
20.73	11.4297	2.238	0.5954	0.3555	-13.185	-19.4182	-2.7731	67.7536	61.5102	+1
48.4256	19.9723	3.0418	0.2743	0.1512	48.594	35.2823	6.4034	10.791	208.487	+1
120.1296	30.0357	2.8145	0.3898	0.2383	-127.4518	65.8696	-19.5101	14.3856	213.8886	-1
97.9047	42.34	4.0321	0.1185	0.0599	79.9018	99.2544	27.6699	8.181	238.303	+1
19.9697	12.0635	2.2989	0.6533	0.3693	8.9327	20.5025	7.2398	2.681	96.9348	+1
34.9294	15.993	2.5658	0.3505	0.1861	31.1743	23.9472	-8.1753	1.3937	210.866	+1
20.4596	10.3072	2.2504	0.5899	0.3567	-5.3761	16.3988	-9.2864	3.294	73.5772	+1
51.472	10.4108	2.5453	0.3276	0.1838	73.5451	17.7028	-7.1886	16.7782	176.559	+1
46.8561	19.7924	3.1976	0.2582	0.1393	42.8313	16.4572	-5.7254	1.1127	179.84	+1
16.5767	11.4318	2.3181	0.5817	0.3053	2.8674	-7.538	4.3312	20.1778	223.696	+1
19.6163	9.8644	2.4487	0.669	0.3826	7.6638	-16.3864	-10.9154	61.1094	144.469	-1
96.7285	26.6214	2.9731	0.1915	0.1048	-38.2776	-111.704	-5.914	13.4054	148.671	-1
86.7215	68.3604	3.8487	0.1561	0.0804	-87.1881	-34.4964	34.6979	5.338	393.465	-1
92.7412	23.9243	3.0931	0.1792	0.09	-146.54	56.2846	-11.0333	9.5101	186.465	+1
76.1799	24.8222	3.1237	0.2106	0.12	-60.9348	57.6858	-20.4701	2.1911	269.566	+1
24.2128	0	2.0952	0.739	0.4137	-25.4216	-15.9103	0.0001	6.4563	231.044	+1
18.5107	13.8378	2.3793	0.5678	0.3695	-5.7674	15.6088	4.1795	5.534	220.734	+1
58.4314	23.3716	3.2887	0.1744	0.0944	11.794	27.2121	-12.8659	5.406	192.534	+1
21.2218	11.575	2.5664	0.635	0.3297	22.3634	15.3188	8.5289	71.033	163.26	-1
21.5294	15.7955	2.6527	0.4294	0.228	-9.3012	11.2833	-11.8241	5.343	69.319	+1
19.4525	12.8362	2.3589	0.5252	0.3129	14.7674	13.7077	-3.085	4.6487	182.365	+1
20.7139	12.3522	2.7385	0.5072	0.2513	7.1002	17.8559	-6.1699	63.683	215.498	-1
144.6026	76.9853	2.9709	0.2299	0.1189	-136.7437	121.749	-39.3138	39.6929	205.3179	-1
30.3594	16.9003	2.7033	0.3248	0.2069	10.4975	-13.2944	5.16	0.2976	248.599	+1
33.343	8.3643	2.3936	0.497	0.2687	-0.2477	10.0291	-2.7907	61.489	210.061	-1
28.7156	13.9972	2.5792	0.4242	0.2332	-20.5848	13.8408	6.6946	30.192	240.26	+1
45.847	9.1216	2.8423	0.3476	0.1796	29.9019	39.9529	-6.9229	11.7782	222.0268	-1
28.4655	9.5459	2.4526	0.4868	0.2452	-41.3301	17.8354	-3.0449	4.6337	197.098	+1
101.42	18.7524	3.192	0.1748	0.0993	49.1508	23.7505	10.9015	71.0938	249.632	-1
50.5449	30.4447	3.009	0.1822	0.0945	25.2365	24.3465	27.5276	9.854	177.72	+1
149.505	63.4383	4.1454	0.0879	0.0442	92.4654	74.07	-29.0553	53.131	352.487	-1
133.179	46.2426	3.145	0.1969	0.1121	-2.8916	-129.009	-35.3323	14.232	336.631	-1
39.6185	11.2531	2.8256	0.3607	0.2643	14.9827	36.9685	0.9761	6.6547	168.3306	-1
23.8176	3.1392	2.2028	0.7024	0.3697	43.0022	7.2102	10.6716	60.4662	220.9806	-1
90.2341	34.3264	3.6075	0.2286	0.1362	-2.6023	50.2485	-27.3209	4.712	327.496	+1
19.4394	16.9197	2.273	0.4747	0.2747	12.5394	18.4987	12.4998	29.742	101.555	+1
30.2887	12.794	2.4518	0.4806	0.2845	19.259	25.3402	8.6476	44.754	209.325	-1
29.751	14.4711	2.485	0.5447	0.29	-19.2255	-17.6017	-7.6278	50.3592	207.7997	-1
21.2721	10.4919	2.3802	0.625	0.3979	19.36	20.1849	11.552	38.5604	68.1625	+1
64.6203	18.2201	3.328	0.1772	0.09	-1.5264	48.5079	-10.699	4.7354	237.387	+1
25.0274	10.3526	2.6192	0.4242	0.2524	-6.8808	-4.5641	-13.4015	64.0517	202.369	-1
24.6784	0.0029	2.0774	0.6778	0.3556	-28.9957	-9.7671	-0.0001	52.1801	197.337	+1
75.8366	32.0853	3.4842	0.1627	0.0874	-67.3406	46.6759	-20.8778	0.2581	293.28	+1
36.7352	16.8787	2.7105	0.3486	0.186	-8.7051	-30.3363	7.5822	4.147	201.479	+1
23.5014	18.6909	2.6972	0.3916	0.2259	-10.1244	-12.8496	-15.4183	17.8557	159.773	+1
87.5476	30.4948	3.8519	0.151	0.0798	53.2952	79.9757	-8.7483	3.789	249.389	+1
27.5587	9.1854	2.7751	0.4868	0.2658	11.077	0.4856	9.8768	33.658	217.4068	-1
36.9222	24.8825	2.4162	0.395	0.2398	11.574	36.5334	7.7639	40.404	124.2763	-1
28.507	15.104	2.7435	0.3628	0.1868	8.672	18.1136	6.4696	0.2314	195.951	-1
84.1395	62.2117	3.5393	0.1137	0.0688	2.6726	81.6349	-36.8499	21.5273	121.4221	-1
13.0916	10.5668	2.1351	0.7766	0.4872	-13.2254	-4.3567	9.9715	51.288	216.562	+1
19.1572	7.0447	2.2214	0.8228	0.4174	-20.328	-12.7218	2.8133	41.337	196.529	+1
84.6887	63.0898	3.637	0.0941	0.0506	-176.867	75.8326	44.5257	44.209	224.205	-1
29.1673	18.0125	2.841	0.3417	0.1925	24.9667	10.1387	-8.975	6.382	210.92	+1
21.3477	12.5351	2.3551	0.4415	0.2274	-29.0599	-7.3783	10.13	2.7625	196.938	+1
93.4248	12.1943	3.209	0.1345	0.0814	51.1339	72.6356	15.1012	20.9166	226.4132	-1
59.0112	26.2465	3.5361	0.1691	0.0921	48.3117	45.5126	-17.2875	1.8811	206.842	+1
25.3165	5.7908	2.7074	0.4807	0.3254	40.7202	16.4772	8.3612	41.1638	103.1442	-1
104.323	68.6842	4.3813	0.083	0.0428	-115.614	67.3795	26.5348	2.8968	340.434	+1
91.4572	45.5227	4.2044	0.0686	0.0345	103.116	76.0204	-25.6482	1.22	210.778	+1
16.9894	11.0002	2.4564	0.6294	0.3514	-3.4902	8.0823	-7.0516	55.393	91.3761	-1
20.4776	12.9345	2.2911	0.491	0.2532	-16.9371	-7.0063	-3.2842	16.162	110.983	+1
110.136	39.4236	3.3553	0.1774	0.092	-65.5715	-112.889	19.1856	47.3655	181.199	-1
95.3733	46.0798	3.1073	0.2005	0.1226	55.3443	69.6142	37.2896	43.1325	333.2413	-1
24.7837	14.3136	2.5237	0.4521	0.259	-1.1806	-20.3545	-7.9676	1.3628	214.993	+1
122.8869	25.5638	3.0987	0.2301	0.1158	-112.4332	-108.4666	13.9595	61.9702	238.8578	-1
28.68	11.3248	2.4023	0.4713	0.2436	27.6661	24.5807	-6.2009	46.602	136.067	+1
60.4595	21.1343	2.9117	0.2757	0.1808	48.8007	50.9982	15.5546	9.214	287.473	+1
19.4586	18.1662	2.3883	0.5562	0.2965	-24.7518	-10.5111	17.2338	75.4267	43.4756	+1
44.0512	17.9755	2.8621	0.2637	0.1367	62.15	17.2911	5.0869	3.4161	165.107	+1
39.7884	7.4617	2.2148	0.5488	0.2896	-23.5701	-18.5409	4.3433	7.5434	159.751	+1
41.7345	24.797	2.8215	0.2685	0.1486	-18.2085	-27.2124	-17.38	62.685	58.6548	-1
30.1169	14.2967	2.6149	0.3932	0.1978	39.6456	15.399	10.0483	14.588	70.7928	-1
21.7329	6.8412	2.1021	0.7036	0.3834	24.4104	10.3684	6.5599	41.1319	207.932	+1
23.2702	10.5065	2.4005	0.5686	0.3201	-9.624	-16.8084	7.4585	20.9345	94.6289	+1
13.0265	11.1821	2.1717	0.7542	0.3872	-14.9601	3.7922	11.7894	14.6389	153.748	+1
31.9795	10.8835	2.3927	0.4494	0.2854	19.7412	26.6413	-6.4333	13.4176	130.073	+1
103.475	53.3928	4.2653	0.0807	0.0405	76.4614	81.291	-22.7102	1.727	286.572	+1
25.5211	12.6563	2.4669	0.3925	0.2065	-18.4732	-12.2247	-5.5906	83.4925	226.883	-1
88.6611	23.5917	3.3842	0.1866	0.0981	41.6122	91.629	11.0464	0.71	279.442	+1
19.4413	7.2845	2.1351	0.7839	0.4212	-4.4407	10.8056	-4.2641	27.318	137.048	+1
251.9646	42.7452	2.7769	0.2182	0.0907	-210.8118	-121.5447	14.1879	47.2145	170.0592	-1
34.1115	15.4917	2.382	0.4191	0.2261	40.1648	28.083	15.7419	9.2366	145.657	+1
18.9949	7.009	2.2418	0.8309	0.4212	-20.0651	-12.6858	1.1677	10.318	225.182	+1
37.5288	18.976	2.975	0.2352	0.1266	21.8879	21.3864	-7.2892	16.2846	216.761	+1
77.1228	27.402	3.485	0.1604	0.0918	54.8302	77.8861	-9.0939	0.305	191.925	+1
39.4806	18.9588	2.9687	0.2773	0.1392	-9.235	24.7853	10.3638	10.02	159.242	+1
87.0313	19.2844	2.7156	0.2676	0.1415	-77.3931	-38.9557	12.3828	4.282	211.088	+1
20.1468	14.4142	2.4698	0.5085	0.2593	-3.3515	12.0078	-6.443	30.756	160.806	+1
24.1471	15.3465	2.415	0.4077	0.2058	10.1479	8.0118	12.3829	13.717	171.925	+1
31.5356	12.3269	2.7709	0.3678	0.1856	29.2554	10.6413	3.648	68.3389	122.715	-1
28.5623	20.8086	2.6013	0.341	0.2557	2.6261	27.8465	10.1167	45.0675	227.8204	-1
29.3874	17.8245	2.7423	0.3656	0.2018	6.4783	28.9954	14.9419	10.789	109.694	+1
13.7929	9.3686	2.4208	0.8463	0.4383	14.6132	4.8925	11.6391	83.7854	160.538	-1
40.1108	7.4124	2.281	0.5759	0.322	25.8725	18.8003	-4.242	0.7557	181.725	+1
81.2642	10.6592	2.4942	0.3878	0.1939	86.1678	48.271	9.9464	1.28	194.187	+1
36.1991	0.7291	2.0783	0.7007	0.3782	-25.4511	-17.9863	-0.7753	9.5051	135.8077	-1
76.0232	30.3184	2.917	0.2651	0.1459	78.2547	54.8169	24.9997	8.953	275.933	+1
18.7689	7.4119	2.1508	0.7845	0.47	3.0514	-8.1489	2.7096	39.1057	144.69	-1
57.4837	41.9194	3.0278	0.4152	0.2321	-39.8719	-33.8586	33.4722	81.6526	182.1387	-1
20.3091	10.2339	2.42	0.6616	0.3441	-5.1257	16.1035	-6.6826	26.9241	88.1338	-1
53.9569	19.9037	2.9829	0.2278	0.1295	57.7763	-22.0191	12.3603	7.5737	145.457	+1
21.4431	9.4953	2.2742	0.633	0.359	0.937	-13.1833	8.7253	29.712	162.037	+1
62.2522	21.1889	3.221	0.2723	0.1536	41.3721	47.3335	15.5675	3.375	268.304	+1
227.0703	80.096	3.422	0.2318	0.1331	-180.9204	-198.7741	81.026	52.5227	220.4276	-1
26.2933	14.7705	2.6817	0.4495	0.2758	11.5895	12.3359	-11.0771	1.8019	178.595	+1
44.6647	17.1665	2.6443	0.2816	0.1663	17.9543	43.8893	-6.4795	78.5736	245.8811	-1
65.4261	21.4481	2.6924	0.2782	0.1472	-82.6774	50.6903	-10.2465	8.129	254.745	+1
20.7336	19.0666	2.4776	0.4804	0.2612	-10.1531	9.3495	-12.5315	29.1685	60.7668	-1
19.1199	12.8143	2.3314	0.5175	0.2727	1.6022	-10.3508	8.2765	41.795	195.774	+1
21.7038	15.7774	2.3627	0.5033	0.2928	-30.9127	16.1555	-9.7383	80.9855	188.339	-1
41.151	18.1161	3.2239	0.2652	0.1603	16.797	-7.4717	-14.7868	1.6001	213.524	+1
83.5628	25.5676	3.313	0.2111	0.133	-54.857	66.6702	-11.4493	9.311	302.457	+1
83.9166	20.296	2.836	0.2918	0.1597	80.6544	62.7348	20.6297	2.3494	230.46	+1
52.9275	18.7925	3.2695	0.2522	0.1315	26.1708	41.0892	9.2702	3.259	176.435	+1
23.3243	12.847	2.6399	0.4632	0.3182	-0.9019	10.5773	4.3234	28.6045	183.3696	-1
91.616	16.4013	3.1089	0.1977	0.1093	18.7187	50.826	-10.2227	76.028	205.871	-1
197.961	67.4274	3.629	0.1606	0.0656	-40.3611	41.0059	-61.7557	60.3241	297.8173	-1
36.0107	20.6307	2.8573	0.3361	0.2396	15.7214	29.185	18.3962	8.56	183.421	+1
65.1698	17.3891	2.8837	0.4301	0.3026	-2.3466	-26.1585	4.0094	2.2087	327.946	+1
23.914	14.8707	2.3551	0.4945	0.2494	4.0728	-8.2598	11.5109	39.9594	213.922	+1
91.6774	32.7119	3.6197	0.2403	0.136	7.8062	61.0854	20.3299	3.4717	369.271	+1
25.652	11.5851	2.4533	0.4225	0.2447	11.1956	4.6733	-6.7265	35.088	151.848	+1
32.6604	7.1437	2.4479	0.5847	0.4153	-15.2184	-27.1046	6.3228	86.9062	124.226	-1
80.5977	25.2785	3.4706	0.2017	0.1206	-87.6173	60.1734	-9.0013	2.3504	242.97	+1
42.0911	31.0862	2.8278	0.1726	0.1212	39.4377	32.822	-21.5423	71.3772	247.1991	-1
23.8423	12.5932	2.3838	0.4132	0.2169	18.8385	12.8007	6.4597	31.192	233.835	+1
22.6073	19.6504	2.6335	0.4628	0.2314	5.9253	12.7852	15.7938	31.7237	203.782	+1
100.012	44.7902	4.1322	0.0884	0.0453	43.2948	89.1063	-26.9751	3.081	252.784	+1
242.625	48.0852	3.9494	0.1229	0.063	-224.882	-243.154	-33.2692	28.1069	269.357	-1
33.2724	11.1166	2.7903	0.4457	0.2796	29.6062	16.6947	-7.4326	36.4037	84.3813	-1
15.6821	10.5755	2.4572	0.5267	0.3159	23.0234	1.3088	-3.6389	40.8695	260.4657	-1
57.9372	10.1	2.5938	0.3592	0.1898	-51.4921	-35.1508	-5.1753	0.1315	135.601	+1
62.6301	19.3823	3.2934	0.2361	0.1198	26.5243	50.2173	-11.9191	1.4085	236.485	+1
33.6756	15.2138	2.3684	0.433	0.2354	30.4482	-32.185	7.7906	48.6356	94.1986	-1
21.9614	15.1584	2.5353	0.519	0.3338	9.4394	15.4084	12.813	50.547	161.913	-1
88.781	26.3649	2.9322	0.1788	0.0918	-55.4629	69.3623	-17.9457	83.143	165.895	-1
35.5578	7.6307	2.3608	0.5229	0.3159	-28.4409	-25.8171	7.9966	31.498	181.84	+1
25.3001	16.9477	2.7497	0.3683	0.1948	-30.0078	-13.0351	13.1406	25.0526	95.3938	-1
68.107	21.8035	3.2627	0.213	0.1106	22.5649	57.5264	14.1235	3.902	260.161	+1
48.4695	18.1279	2.9917	0.2345	0.1177	19.6222	46.8981	-10.5913	6.955	203.072	+1
28.9203	21.7939	2.7853	0.3262	0.1746	-5.5771	-27.9037	9.0569	18.6016	130.985	+1
101.526	75.7229	3.2306	0.2217	0.1126	-53.1276	-110.431	61.4389	71.158	232.424	-1
32.2964	17.2756	2.6585	0.36	0.1811	0.5956	-21.3147	6.6299	35.1875	192.477	+1
28.7248	16.5417	2.6107	0.3358	0.1875	38.7981	15.164	10.4323	3.5355	226.558	+1
14.8167	13.7926	2.5529	0.4229	0.2508	4.8655	-1.9956	-8.5446	47.7889	167.883	-1
26.3797	9.1958	2.6474	0.6644	0.348	-7.8052	22.156	6.9615	83.8058	141.373	-1
99.216	18.9374	3.2075	0.2115	0.1225	57.6373	49.4839	-17.2689	6.308	137.73	-1
44.8459	16.6733	2.8686	0.2666	0.1536	-17.092	14.3171	-10.9198	81.1187	151.992	-1
20.1725	15.2864	2.4639	0.4227	0.2491	0.2281	-2.4211	-1.5993	11.081	136.437	+1
25.1916	14.1066	2.6781	0.3778	0.2046	-6.0686	-14.3053	-5.177	5.636	153.141	+1
29.7596	11.4809	2.4005	0.5288	0.2803	27.9122	21.7995	9.8535	1.363	194.645	+1
27.3848	12.1636	2.4778	0.5724	0.2912	18.9417	27.3697	-3.8737	6.383	153.617	+1
24.4522	12.3135	2.4771	0.5667	0.305	1.4908	11.5066	-6.4661	20.868	182.71	+1
18.4797	9.5053	2.4265	0.6742	0.4476	18.2082	14.6962	-4.3474	35.1643	240.942	-1
25.4933	14.3297	2.5397	0.4271	0.2237	-18.6113	10.1372	-8.7705	43.687	186.828	+1
22.451	5.9922	2.2636	0.7956	0.5095	-20.278	-16.9492	-6.6888	11.529	111.205	+1
41.455	19.2273	2.873	0.2371	0.1226	27.7404	30.6491	-10.9301	15.3576	163.885	+1
30.2724	17.0073	2.5982	0.3354	0.1803	-1.8758	-6.787	-12.6971	0.4079	156.863	+1
18.8959	13.9765	2.3579	0.7105	0.3794	-22.9591	11.1155	5.7523	38.364	164.059	+1
46.9362	14.4609	2.8621	0.2734	0.1367	28.4484	34.4628	-8.3419	7.463	240.047	+1
21.5359	12.5372	2.3865	0.4641	0.2361	13.4757	13.6071	-9.9932	15.312	166.529	+1
24.4699	7.3634	2.5398	0.5976	0.3004	-7.7745	16.0123	13.1589	42.8535	122.2887	-1
29.6483	12.4933	2.3139	0.6553	0.3325	11.4338	24.4667	4.1262	21.2221	134.977	+1
101.792	19.2901	3.2609	0.3504	0.1856	-34.933	-55.9212	-6.4543	20.49	347.321	-1
23.7562	15.4405	2.6048	0.4298	0.2646	-18.1515	-10.8795	7.6493	24.237	250.624	+1
192.197	61.7657	3.4649	0.1872	0.1106	-27.2776	-218.729	51.3807	7.5687	331.86	-1
24.9971	12.5645	2.49	0.3819	0.2055	-21.7143	-5.9541	7.0785	14.1145	168.869	+1
20.7334	7.1075	2.0737	0.7342	0.384	-23.1141	-11.7531	5.9262	0.208	211.141	+1
13.0157	10.6817	2.3738	0.7611	0.4884	-13.26	3.4689	-8.2611	1.817	169.195	-1
55.8382	27.6972	3.2788	0.1521	0.0771	15.4211	36.6586	-7.268	9.528	218.432	+1
21.8354	11.6478	2.4793	0.6202	0.3433	22.9052	14.7747	9.1326	75.099	251.825	-1
16.6123	7.8423	2.5572	0.5829	0.3371	6.7271	-10.3448	-2.324	14.5111	214.2655	-1
113.272	20.0224	2.6048	0.4696	0.2497	89.5294	87.7489	9.0946	42.59	234.418	-1
12.9698	11.0819	2.1804	0.7459	0.4455	14.2956	-6.8769	-9.452	55.8846	164.66	+1
61.0835	21.8459	3.0682	0.206	0.1132	42.0657	31.3106	-12.4707	12.079	225.574	+1
35.8791	20.5591	2.7716	0.3198	0.1616	-33.3079	7.2215	-15.632	10.257	127.459	+1
86.5389	16.3152	2.8756	0.3023	0.1565	48.9056	72.2829	4.4207	1.53	245.673	+1
24.7543	9.5211	2.4354	0.5284	0.2954	18.0484	-15.2965	5.5949	48.384	33.1645	+1
76.7605	21.3045	2.9854	0.2203	0.1143	-105.995	48.867	12.6649	4.141	279.831	+1
29.8242	15.0011	2.7139	0.3594	0.1961	-5.1172	7.1687	-5.4743	11.359	74.4211	+1
54.1138	12.2997	2.6314	0.3622	0.1951	35.4775	50.2178	-8.8637	2.9862	262.324	+1
30.244	26.4647	2.7589	0.2456	0.1298	16.5457	11.6027	-4.8562	28.51	138.822	+1
94.0169	65.5994	3.7464	0.1547	0.0817	86.7508	73.6068	-50.7012	89.7659	296.8153	-1
20.27	7.3207	2.1021	0.6957	0.3913	-0.0001	-0.4035	-5.5909	18.0727	163.975	+1
53.6822	22.0666	2.8479	0.3989	0.2732	-35.3479	-14.1855	-24.5615	0.164	295.107	+1
35.1147	17.8008	2.9096	0.3842	0.2063	37.0454	35.004	8.3877	16.6113	142.507	+1
28.2082	12.1254	2.4099	0.4163	0.2082	6.3914	-19.1434	-10.7975	64.547	78.8033	+1
20.4324	18.8956	2.4401	0.5191	0.2668	-6.1788	17.2294	-20.4713	64.5349	143.721	+1
28.5807	19.4397	2.5257	0.3994	0.2012	-33.152	-22.0706	17.3914	8.916	184.079	+1
19.3139	12.2773	2.5152	0.6015	0.3344	14.8885	16.1281	4.4356	63.5259	222.127	-1
42.8667	20.8577	2.954	0.2646	0.1662	21.8687	28.1173	10.4519	6.9302	157.559	+1
21.6685	15.6788	2.4548	0.4351	0.2614	22.4194	13.3947	-9.3747	22.365	166.474	+1
12.9795	10.9893	2.1351	0.7473	0.4579	-14.0254	6.5432	8.7183	49.544	70.4909	+1
33.7908	8.9799	2.4609	0.481	0.2785	26.6154	-16.5715	6.0364	13.7763	182.081	+1
54.6176	15.0295	2.705	0.2821	0.1548	-32.594	-33.4038	6.2599	5.3885	163.712	+1
25.5468	9.4973	2.4322	0.5434	0.2976	7.2206	-6.477	2.7766	63.086	243.501	-1
36.5056	21.402	3.0851	0.2918	0.1648	17.3456	29.009	-12.3027	30.84	115.272	+1
21.0639	6.6794	2.1222	0.7623	0.4717	-20.1482	-15.6104	6.1427	50.0938	234.338	+1
12.9752	11.1326	2.1717	0.7475	0.4343	14.491	-6.7709	10.2644	66.9514	111.267	-1
19.1072	12.2813	2.4691	0.584	0.3379	-17.1689	-14.6245	-6.6801	3.6579	170.516	+1
27.1186	11.5379	2.6345	0.5104	0.3399	23.0113	25.3684	-8.5615	8.847	233.893	-1
33.5826	11.0346	2.7147	0.4301	0.2459	38.1995	29.6283	6.2741	27.015	143.936	-1
107.508	41.832	3.6121	0.117	0.0653	87.8655	88.203	-36.017	4.5595	254.697	+1
96.1	21.5383	3.1321	0.2398	0.1243	-88.5163	66.3915	-14.8999	5.9111	251.347	+1
123.5586	34.8344	2.8542	0.4393	0.1943	83.6897	114.5499	-27.7211	55.2123	255.4515	-1
20.9469	6.4102	2.1319	0.7823	0.5203	-18.3706	-17.1936	-6.1023	65.694	124.276	+1
19.6642	9.738	2.3541	0.5752	0.3119	24.7193	8.4885	3.7639	49.435	196.952	+1
156.269	65.8125	3.2609	0.2758	0.1659	-165.749	-53.0847	-44.1514	69.3915	329.92	-1
12.7235	11.629	2.266	0.7046	0.3984	15.6097	-9.413	-6.6502	78.9582	121.175	+1
18.0794	17.1041	2.3865	0.5051	0.2649	-18.0599	-14.3077	-13.3956	15.643	223.215	+1
88.3337	61.8973	3.6416	0.1967	0.1142	-64.108	-51.9038	-43.1195	25.0024	380.503	-1
89.7764	39.5971	3.3517	0.2207	0.1257	-84.9299	-51.9564	42.461	4.3596	358.216	+1
113.486	32.2434	3.4706	0.1645	0.0882	-72.1478	64.421	-16.8485	1.2941	327.433	+1
20.968	6.9982	2.0881	0.7347	0.4041	-22.579	-12.731	6.0936	19.5113	275.281	+1
27.979	11.4756	2.5353	0.4169	0.2085	39.4151	6.6349	5.2675	13.894	194.725	+1
12.9131	11.3783	2.0986	0.741	0.3785	-15.0376	4.2909	11.7179	84.6315	111.695	+1
31.8432	11.8514	2.6794	0.41	0.2542	-10.1397	5.0364	10.6892	49.146	173.805	-1
78.4183	33.0725	3.3172	0.11	0.0686	-22.2363	54.1325	29.6535	86.7505	157.3166	-1
49.8633	21.9727	2.866	0.1811	0.1028	-34.0529	32.1426	11.1529	77.711	240.215	-1
57.1117	22.3814	3.0828	0.2083	0.1103	-55.2154	48.9989	-16.2457	10.734	280.705	+1
32.9045	9.7782	2.2836	0.5119	0.2676	32.59	18.2646	-11.5326	81.3208	167.8863	-1
25.7412	16.0518	2.5416	0.4282	0.217	7.7326	22.7282	-8.1339	17.059	185.854	+1
23.1352	9.8703	2.2504	0.5674	0.3174	24.4317	18.0928	-10.8953	49.932	158.432	+1
22.4374	0	2.1089	0.7626	0.4319	0	0	-12.0088	52.255	212.208	+1
115.362	31.6564	3.0654	0.1557	0.083	103.769	89.7305	26.9906	0.864	240.629	+1
71.8731	9.8828	2.9972	0.3322	0.1917	68.358	64.4206	-5.8032	9.1396	198.356	-1
32.8087	17.3659	2.6959	0.3646	0.2346	6.3366	-23.3803	-18.1551	21.846	140.705	+1
57.3144	31.6497	3.2931	0.1955	0.1245	-3.4753	41.3508	-29.3916	29.3674	178.957	+1
23.6039	20.9673	2.638	0.3728	0.2198	-10.6964	-13.8416	2.4591	6.139	170.939	+1
125.644	26.8866	2.9322	0.2443	0.1373	-223.721	121.145	19.1106	0.768	293.581	+1
32.3688	14.0263	2.4728	0.4411	0.2643	14.1051	16.1918	7.7011	19.01	134.044	+1
36.8545	8.8556	2.4355	0.4997	0.2792	-11.9309	-15.9908	14.7398	45.3487	162.3352	-1
70.6634	26.8643	3.0906	0.1907	0.097	62.2422	44.3627	13.6471	30.316	78.655	-1
54.2678	23.667	3.1062	0.2028	0.1155	69.796	43.4352	11.8562	2.103	228.688	+1
24.6666	13.887	2.5776	0.566	0.2797	18.4098	18.1168	-9.3737	83.6963	206.77	-1
36.644	12.1712	2.6305	0.4977	0.2728	34.4687	23.3271	-11.7765	4.1453	59.6315	-1
46.6182	28.6493	3.1365	0.265	0.1471	49.0288	48.6994	-20.4308	24.037	276.2012	-1
25.8364	18.8065	2.659	0.3816	0.1941	3.8979	19.2688	-10.7975	4.6269	248.951	+1
25.9774	15.4987	2.5993	0.415	0.2131	-0.0514	9.3965	-0.7868	29.3651	158.6101	-1
76.1177	35.978	3.9144	0.1207	0.0611	27.5879	77.244	-22.7704	1.8785	165.033	+1
41.4798	13.9934	2.8847	0.3495	0.1886	24.2043	18.8001	-9.2038	82.3925	106.5458	-1
27.6461	12.1572	2.6928	0.4179	0.2241	-22.5774	-23.6784	-8.1852	4.9577	204.639	+1
94.7591	34.3084	3.3961	0.1189	0.0609	-98.4056	57.7795	-11.8856	6.005	243.483	+1
28.4739	21.0753	2.6623	0.2742	0.1425	0.2591	-20.0388	14.8485	28.75	232.186	+1
27.5268	27.0289	3.1838	0.2652	0.1359	9.8795	-3.1041	-8.738	9.997	62.5272	+1
35.0228	19.4652	3.2757	0.3297	0.1651	22.6355	26.7229	-7.5563	0.7701	188.914	+1
67.5356	28.5682	3.6705	0.1676	0.0898	35.1468	70.1802	-11.9984	2.531	154.251	+1
20.1506	7.2154	2.0846	0.7572	0.3827	-3.9309	11.4563	5.3539	32.807	188.437	+1
26.3868	14.3729	2.4518	0.4134	0.2385	4.9216	21.5081	-8.1373	16.068	167.917	+1
81.4054	25.1619	3.5143	0.1989	0.1014	-51.2494	70.7019	-16.5938	2.384	288.832	+1
45.952	36.6764	3.2163	0.1799	0.0975	32.4806	40.2426	18.5289	24.992	143.65	+1
12.644	11.7606	2.0626	0.6926	0.3853	-15.971	9.8408	0	7.5002	114.916	+1
41.9009	26.0508	3.0441	0.1867	0.0851	-29.7769	13.2337	23.1148	80.4293	177.7574	-1
12.7395	11.6166	2.0434	0.7149	0.3937	15.5222	-8.7786	9.7171	29.266	228.304	+1
17.1793	11.225	2.1847	0.5621	0.3039	0.7189	-5.2114	4.7331	73.221	93.2077	+1
37.8211	15.1137	2.7232	0.3074	0.1975	-28.9226	8.6506	10.3545	66.9024	204.5065	-1
30.5319	12.9627	2.4387	0.4753	0.2606	-7.0236	-20.1713	-10.7351	80.9807	104.302	-1
20.3675	10.4812	2.2304	0.6118	0.35	-5.3881	16.5079	7.8064	86.1169	34.6583	+1
18.424	11.0174	2.2739	0.5471	0.3436	-23.2152	-8.4396	4.2005	80.64	255.1573	-1
19.2814	14.4914	2.3064	0.5235	0.3136	-6.0002	16.7003	0.1864	33.6702	46.8615	+1
27.2155	16.8424	2.6218	0.405	0.2188	1.041	-0.1885	-7.4418	36.1572	88.0796	-1
22.1689	12.4471	2.437	0.5155	0.2687	-1.451	10.7877	9.1109	45.8014	188.537	+1
13.3932	10.3398	2.1717	0.8013	0.4411	-14.1833	-5.2196	11.7388	6.478	196.28	-1
57.0431	19.9269	3.3516	0.2007	0.1124	60.1126	43.7231	-9.1723	6.306	166.57	+1
27.9583	14.0395	2.6915	0.4334	0.2594	6.6603	-14.7058	-4.443	40.4651	257.329	-1
152.367	29.2914	3.1642	0.1932	0.0967	-238.4463	148.6087	27.6903	74.1746	224.8862	-1
84.6834	24.4595	2.7284	0.3554	0.2399	-51.9482	-71.9329	-16.2241	57.6423	136.3991	-1
62.1123	23.9456	2.8777	0.2187	0.1107	-25.578	61.5837	-9.3872	18.185	133.799	+1
100.185	33.4334	3.6305	0.125	0.0666	55.4799	93.13	17.5311	3.049	263.678	+1
58.8153	14.0872	3.0086	0.2284	0.1172	-33.2317	47.7668	-13.467	81.1572	233.281	-1
31.4908	10.9882	2.5575	0.41	0.2091	-26.4721	-15.2539	-9.1242	6.1882	183.255	+1
82.9946	23.8627	3.1989	0.2258	0.1135	-5.5819	62.114	17.4201	2.9285	325.076	+1
210.2886	58.4039	2.7905	0.2116	0.1317	-119.0113	-246.2301	55.4617	70.43	58.0914	-1
108.5592	49.9508	3.3579	0.1149	0.0787	88.747	77.7531	-49.3432	46.1283	227.6959	-1
53.0521	22.055	2.9196	0.1805	0.0969	44.6238	23.9267	-11.1462	11.985	151.2	+1
19.4721	12.2262	2.404	0.5325	0.3097	-1.7994	5.0708	-9.9588	27.5944	203.889	+1
61.7253	12.2585	2.4734	0.4064	0.2542	-31.2105	-38.9283	-11.924	17.7747	165.2116	-1
107.188	38.3435	4.0132	0.1098	0.057	-71.521	71.503	-18.3064	2.0941	327.504	+1
20.9043	7.1381	2.1688	0.7051	0.3559	-24.5026	-9.524	-6.088	9.432	133.8	+1
25.4375	15.5154	2.8136	0.4101	0.222	0.3544	10.0621	9.219	9.8822	102.65	+1
34.7886	19.5066	3.0282	0.2605	0.1429	-19.2971	-17.978	10.9297	14.054	221.171	+1
60.5135	21.8754	3.021	0.1963	0.1034	-110.511	36.3348	9.2767	6.909	252.777	+1
22.3944	18.8885	2.7024	0.3671	0.1835	33.6271	12.2481	-9.0885	45.6085	72.9584	+1
39.2324	18.7511	2.9586	0.3113	0.1777	22.9342	40.227	7.8823	14.293	230.912	+1
21.0454	7.123	2.1123	0.6795	0.3436	0.4532	-6.0934	-6.1947	4.066	78.5126	+1
17.3282	10.9182	2.1703	0.5946	0.3547	1.021	-5.5946	6.8793	82.2683	184.299	+1
108.2048	67.6058	3.4777	0.1505	0.0846	-47.9751	-78.1971	42.024	71.6379	322.8474	-1
20.7715	7.2029	2.0394	0.6849	0.3607	-0.2698	4.9762	-6.006	33.313	154.818	+1
35.4559	14.0987	2.4533	0.3944	0.206	2.3575	17.7538	-14.9431	2.075	235.553	+1
22.1272	12.1793	2.6435	0.5091	0.258	-13.5068	-9.1786	5.5149	1.577	144.539	+1
33.6476	21.4115	2.7532	0.2648	0.135	16.5014	-8.8087	17.5829	26.137	175.254	+1
63.8128	26.2233	3.5143	0.1958	0.1088	44.5465	46.5522	18.3607	1.919	284.652	+1
32.3347	8.7516	2.5575	0.4709	0.2479	23.7103	12.328	-2.1559	48.4534	127.043	-1
23.5813	0	2.1477	0.7687	0.4235	24.2345	16.6562	-0.0001	12.5074	239.929	+1
33.6189	9.0267	2.4713	0.4662	0.2584	-1.0379	-20.1952	-2.6969	11.7369	237.232	+1
50.834	38.4332	3.1377	0.1785	0.118	-44.9431	-25.783	-22.092	79.0988	154.9744	-1
24.1371	9.6727	2.5321	0.5786	0.3098	9.5534	-15.0734	8.3869	55.2987	145.979	-1
22.5766	11.4721	2.5455	0.5105	0.3035	31.7994	18.2349	9.1647	7.5845	275.7394	-1
17.4236	10.8423	2.3946	0.5943	0.3525	-10.8824	7.3152	2.3674	18.9821	160.9452	-1
90.9977	24.6528	3.1348	0.2309	0.1375	6.6861	64.3091	-21.9481	0.1023	368.258	+1
95.5207	34.5134	4.1295	0.1005	0.0543	21.1988	88.912	-15.3593	0.084	260.879	+1
21.7131	6.7565	2.0917	0.7126	0.417	22.9516	12.9397	6.5338	25.071	142.131	+1
105.089	78.0338	3.348	0.2558	0.1645	40.7078	44.8059	90.2454	80.2398	391.189	-1
166.911	69.3334	3.4314	0.1933	0.0974	-243.7664	-64.794	-59.0521	19.6315	321.5117	-1
46.3534	16.7153	2.8319	0.2415	0.1289	45.2285	23.4221	11.0067	18.661	127.864	+1
22.9939	16.6018	2.6889	0.4483	0.2446	24.6365	-16.5169	13.453	50.697	30.6356	+1
24.2936	20.4984	2.7675	0.3997	0.2297	-6.042	12.6444	7.6922	45.4214	108.654	+1
78.8721	16.2411	2.971	0.2063	0.1096	1.9987	62.8347	10.7116	5.892	238.332	+1
27.1538	16.8407	2.5533	0.3888	0.1972	26.4833	20.5464	11.5446	1.692	173.936	+1
62.0774	34.86	3.8463	0.1375	0.0713	45.4124	50.749	-20.3151	3.635	198.922	+1
30.1299	18.6517	2.6716	0.3131	0.1608	-33.6601	-19.1441	-6.9749	14.4261	177.414	+1
143.552	32.3746	3.2973	0.1483	0.0754	-107.503	72.2956	21.6064	65.337	268.103	-1
30.3343	20.6495	2.6739	0.286	0.16	32.8752	-16.7559	10.3996	9.129	112.46	+1
15.2576	11.9421	2.4698	0.6542	0.3983	-1.0343	-2.0711	-7.6607	48.9647	37.5615	+1
42.0944	11.5611	2.7555	0.3582	0.1817	7.9142	14.6892	-5.4932	67.577	89.4111	-1
92.2557	23.5058	3.1136	0.194	0.0982	-24.5885	66.72	-10.0515	0.224	250.36	+1
24.3133	10.2983	2.4464	0.5188	0.2665	8.363	16.6826	-6.5193	1.8092	246.549	+1
22.0915	12.539	2.3075	0.6108	0.3818	14.2348	15.4944	9.9261	54.994	89.4429	+1
18.412	7.886	2.6556	0.596	0.3414	16.4689	5.544	-4.2137	12.3364	66.5066	-1
49.8966	29.7888	3.2725	0.1634	0.0836	23.6856	29.2132	17.0809	5.93	202.289	+1
12.9651	11.2603	2.081	0.7469	0.4025	-14.9099	5.9191	-11.4327	56.521	182.309	+1
37.2863	13.0904	2.5283	0.3407	0.1763	-12.1772	-28.6591	1.984	9.941	218.436	+1
33.5888	7.5491	2.5179	0.4917	0.2504	-2.6279	18.9164	-4.3283	22.805	101.167	+1
18.3648	9.9588	2.2788	0.6684	0.3658	-20.9967	-12.0123	6.1841	45.014	200.2	+1
36.423	15.3431	2.9159	0.3119	0.1693	-9.3078	-14.4844	-9.5128	2.4	178.191	+1
34.1189	9.7133	2.5378	0.3884	0.1957	43.0863	27.3881	6.4198	54.874	156.032	-1
18.6799	10.4089	2.2148	0.5244	0.2774	25.0302	7.0749	2.6464	8.3449	104.086	+1
28.6908	19.3006	2.8724	0.3192	0.1683	-7.1076	18.5184	7.5662	39.0498	119.789	+1
22.8469	6.0045	2.3771	0.6865	0.4913	6.8943	26.3159	6.9701	68.4021	201.7485	-1
33.7228	18.2951	3.0639	0.2676	0.1394	32.5576	18.3456	-4.4196	11.0782	94.1792	+1
116.6896	71.7364	3.237	0.2074	0.1018	-75.9321	-56.2652	63.4859	71.8786	322.775	-1
17.6798	10.9569	2.2148	0.5366	0.2957	-0.5043	4.9753	-4.8227	82.015	180.983	+1
160.6805	25.0334	3.0186	0.3442	0.2136	-121.9785	-56.5295	-14.5834	19.5623	322.6846	-1
168.0618	121.8159	3.5003	0.1626	0.1191	-147.2772	-165.1215	92.074	32.3567	210.8559	-1
21.6732	10.3466	2.1761	0.56	0.2967	-5.6489	17.5152	10.1706	39.441	129.982	+1
37.9146	6.0951	2.6439	0.6175	0.328	40.0144	31.7469	4.3788	36.6756	188.842	-1
22.4885	16.0269	2.6959	0.3927	0.1984	-21.0595	8.754	11.6542	6.62	55.5981	+1
23.9164	15.7092	2.6279	0.4876	0.2509	-29.023	-19.1267	13.284	68.0783	70.5975	+1
4.2835	3.887	2.3478	0.8745	0.6158	4.9461	4.5045	-14.1755	21.7552	229.9191	-1
22.0774	9.6995	2.601	0.619	0.317	21.5306	14.4567	7.7992	20.4406	182.617	-1
35.3166	22.398	2.894	0.2923	0.15	0.4662	30.5628	-9.0215	78.04	99.6224	+1
58.2002	10.9563	2.5882	0.3535	0.1711	-45.0252	23.6823	10.3233	9.0707	182.448	-1
179.591	60.2918	3.457	0.2175	0.1143	11.9961	-125.772	59.6241	32.456	310.547	-1
67.3736	23.2082	2.7878	0.4189	0.2274	-66.2448	-50.8812	13.3178	2.135	294.976	+1
50.4857	20.4715	3.1313	0.2912	0.1578	-75.6635	-20.6365	16.0088	8.648	267.817	+1
84.4944	37.2006	3.7652	0.1336	0.0804	-42.4721	72.1118	26.2172	0.188	298.57	+1
129.492	38.0251	3.3777	0.171	0.1121	-191.807	108.032	-35.5777	36.8162	267.675	-1
23.2631	15.5991	2.5514	0.4888	0.302	-7.8166	-18.2899	-14.6323	4.1919	199.525	+1
88.1997	22.1223	3.1931	0.1679	0.0862	10.1997	77.8023	3.5625	12.3059	226.814	+1
39.5437	11.2019	2.6853	0.4149	0.2198	33.0736	26.3628	-7.45	3.7748	267.892	+1
38.7504	15.501	2.6508	0.4067	0.2112	-29.3864	-35.3548	11.4233	13.6657	175.622	+1
26.7419	16.7192	2.5234	0.3751	0.2057	11.3432	6.8641	-10.9322	79.011	205.8457	-1
141.967	51.2485	3.1421	0.2358	0.1273	-155.744	103.076	39.6457	47.14	274.685	-1
21.4317	10.6329	2.2923	0.602	0.3648	20.3214	19.8107	-11.3014	28.035	152.367	+1
22.1144	9.7491	2.2695	0.6075	0.3199	23.4231	17.9628	-11.0295	5.197	238.8	+1
28.7277	21.6578	2.7076	0.3608	0.248	20.4182	22.1614	14.7272	83.6227	61.5537	+1
26.611	14.1842	2.4878	0.4195	0.2715	29.0377	20.5257	-8.2908	29.5051	135.119	+1
69.7676	18.9821	2.7478	0.5255	0.2654	-44.5832	-30.7591	-12.9547	33.0052	303.914	-1
128.315	32.0179	3.0737	0.1857	0.1017	-125.176	84.952	21.3786	23.202	252.21	+1
47.8913	10.0342	2.9699	0.3676	0.2213	-5.722	30.2795	-8.3912	53.102	102.927	-1
28.097	20.4787	2.9521	0.3283	0.1647	31.1089	20.7682	14.0435	15.876	166.518	+1
45.1917	16.5049	2.9125	0.241	0.1242	16.8674	33.7819	11.9977	3.06	175.676	+1
110.128	12.2635	2.608	0.4266	0.2602	-41.5591	-124.034	2.8329	64.95	148.504	+1
17.5568	16.5157	2.1644	0.5959	0.3527	-1.2329	-15.952	-0.9431	41.4781	78.4445	+1
21.023	10.3653	2.2455	0.5795	0.3324	-4.6042	16.4509	8.5136	26.38	152.15	+1
33.3528	17.6866	2.7551	0.3796	0.275	15.898	27.6711	-8.487	8.709	196.918	+1
35.3773	14.7804	2.7372	0.348	0.1822	-31.4084	10.2385	7.0464	0.881	208.271	+1
24.424	9.2825	2.4734	0.7387	0.6224	11.1066	-9.3485	-2.9965	48.3799	161.8753	-1
30.0751	16.9715	2.4976	0.3943	0.2146	11.9192	20.7668	14.6489	24.5471	96.1011	+1
77.481	24.4619	3.0124	0.2974	0.1569	-36.9952	-30.9218	18.6103	1.751	324.231	+1
18.2541	10.3866	2.233	0.5848	0.3421	21.7266	11.3392	2.2184	57.6026	88.8134	+1
49.737	21.5338	2.8876	0.2552	0.1587	-5.9763	-34.0836	12.4266	19.187	208.484	+1
39.3034	16.2019	2.6299	0.354	0.1817	13.9773	36.7876	11.8838	23.734	203.765	+1
39.5886	15.164	2.708	0.2958	0.1499	-1.3452	-9.7493	7.9138	14.1753	209.946	+1
23.9049	11.3034	2.4935	0.5457	0.2745	-6.1584	-20.4676	3.8512	19.4896	268.549	+1
22.7264	13.0514	2.2889	0.4422	0.2339	1.4197	-10.9322	-5.6139	25.33	90.935	+1
46.9247	20.2722	2.7486	0.314	0.1722	31.8542	31.0256	16.7207	5.1486	270.211	+1
41.9039	22.8557	3.1612	0.2263	0.1259	32.2199	31.4384	11.2691	15.7477	137.388	+1
34.6616	9.2726	2.4456	0.362	0.1846	-53.4062	11.7518	-3.975	19.5139	157.12	+1
24.313	12.0951	2.3874	0.4221	0.2561	-10.0699	-8.7859	-7.1759	7.161	198.646	+1
19.7131	7.9518	2.5179	0.5078	0.288	-6.4052	-9.1431	-5.7197	41.5306	173.5266	-1
35.5573	7.9008	2.6849	0.4287	0.2366	-16.8049	17.2613	-1.191	74.8965	89.7345	-1
29.1329	12.3735	2.7003	0.3908	0.1964	-41.0033	-13.8276	-6.8114	1.2986	96.2698	+1
13.1462	10.9455	2.1055	0.7686	0.4039	-14.7806	3.2397	11.7943	55.1153	240.779	+1
146.311	53.1446	3.1532	0.2923	0.1887	-203.591	125.655	-35.9222	50.3566	187.543	-1
47.1071	20.7603	3.1159	0.2098	0.1068	13.5867	32.2989	6.1038	12.885	178.097	+1
33.368	17.4968	2.7328	0.2831	0.1434	-33.0433	-28.6138	7.831	6.1441	177.243	+1
191.1625	52.9846	3.2554	0.0897	0.0613	364.5869	-159.7142	37.5993	6.8004	116.0953	-1
21.3715	16.0779	2.5159	0.4177	0.2149	-13.0871	-6.8394	-10.852	18.5084	122.292	+1
21.0895	11.704	2.2455	0.6136	0.3324	10.5048	20.3281	-8.2767	17.201	196.733	+1
72.9599	30.7461	3.6432	0.1521	0.0765	-2.8108	59.2303	23.1615	4.988	258.822	+1
17.3878	10.8932	2.2967	0.596	0.351	1.2155	-6.0171	6.8011	2.3939	79.0246	+1
19.1704	17.5386	2.4969	0.4299	0.2245	14.3046	12.844	15.7468	12.502	203.272	+1
136.119	94.0156	4.3583	0.0549	0.0322	-85.5286	-73.7651	70.814	54.319	271.354	-1
31.9679	26.3693	3.0512	0.2764	0.156	5.2054	21.9528	12.7968	18.3196	224.432	+1
47.1947	13.5593	2.8028	0.3591	0.1992	-21.9434	30.8741	10.8153	8.021	158.679	+1
82.2887	29.461	3.5923	0.1744	0.0904	61.2987	60.6541	-6.6126	0.5058	322.709	+1
23.1716	20.1597	2.6253	0.41	0.2192	32.9974	11.1354	-8.2996	19.3335	118.229	+1
38.9699	14.8991	2.8264	0.3908	0.2573	17.0108	34.8474	-9.8419	14.53	215.223	+1
58.8125	20.0974	3.2	0.2353	0.124	-94.0913	51.2483	-15.1387	7.244	236.621	+1
25.4443	19.3463	2.7345	0.2529	0.123	-17.1423	19.9495	10.8856	20.8915	164.2035	-1
24.1784	17.3187	2.4031	0.4229	0.2391	6.9258	-3.9891	13.0288	22.993	130.942	+1
159.9055	75.9563	3.3458	0.1176	0.0722	79.9708	58.5895	24.1594	85.6268	241.3654	-1
29.7199	8.096	2.3856	0.5432	0.2984	34.6836	19.1109	-6.2016	74.889	194.744	-1
63.2384	21.5036	2.8762	0.3378	0.1948	55.4064	-40.6839	9.5333	6.242	193.039	-1
24.9808	10.2554	2.3064	0.5086	0.3086	-5.4731	-19.6914	8.0873	36.639	108.544	+1
29.7011	16.3399	2.7631	0.5338	0.3032	18.5694	28.2478	-18.3741	54.9128	145.0072	-1
80.7882	55.0349	3.4713	0.1449	0.0725	31.8274	70.9064	58.148	22.529	277.398	+1
32.2851	20.7487	2.9472	0.3027	0.1666	5.2304	27.5241	9.8785	30.388	79.3781	+1
57.8733	33.3488	3.255	0.1579	0.0859	41.7596	46.6113	-17.3316	6.4404	178.703	-1
21.9528	9.9429	2.179	0.5828	0.3013	5.3718	-17.2517	-10.6395	27.259	189.258	+1
25.5169	7.0857	2.4082	0.668	0.4121	9.0383	9.5293	5.747	11.804	191.668	+1
115.948	52.6694	4.4133	0.0597	0.0352	-87.7005	90.9207	-21.9716	1.744	253.064	+1
32.1806	14.5155	2.6415	0.3858	0.2386	21.2644	9.3273	-8.6302	5.0736	152.21	+1
20.5128	15.7439	2.4314	0.4704	0.2389	-29.0561	11.2712	-3.7516	21.6049	237.156	+1
24.6901	10.7727	2.4224	0.552	0.3233	-7.8361	-22.0628	3.0269	21.7968	214.126	+1
60.1109	9.081	2.8645	0.3374	0.1769	51.19	11.9985	-4.8898	74.056	130.737	-1
95.5849	9.9083	2.6902	0.3531	0.1929	23.7516	87.6339	-7.2335	0.7801	250.242	+1
27.1345	19.0654	2.7578	0.4559	0.2332	16.2612	23.4228	18.5581	69.6684	240.234	-1
19.5436	12.6227	2.4735	0.4639	0.2471	1.4751	-3.9319	7.2393	31.933	165.866	+1
70.8315	22.3982	3.3197	0.2227	0.1252	81.8166	69.0231	19.2635	10.385	248.983	+1
23.856	12.2327	2.4346	0.4522	0.2739	7.6639	11.3909	8.8336	20.7251	219.953	+1
17.1862	7.246	2.3064	0.8395	0.5506	4.0834	4.4909	-5.4289	12.358	81.6967	+1
79.5024	26.5601	3.652	0.1413	0.0741	49.9097	75.6821	17.3572	3.5757	200.289	+1
29.5116	14.5846	2.5259	0.5114	0.2365	14.8457	21.0673	3.9078	80.8572	116.6055	-1
99.8472	37.7139	3.4756	0.2191	0.1112	-109.354	67.7417	-25.3806	9.1004	374.651	+1
15.8646	7.6278	2.52	0.5872	0.3069	-19.3034	14.7897	-10.1066	7.6553	188.0232	-1
21.4944	10.4204	2.2304	0.5588	0.3088	-4.4301	16.7152	-8.5553	14.8311	207.058	+1
97.719	31.3451	3.0959	0.2839	0.1969	-80.2914	-80.3631	-20.8974	9.5897	279.075	+1
32.2758	16.4034	2.6566	0.4432	0.2723	8.3265	29.3381	-17.9981	12.3195	206.939	+1
68.1515	31.0862	3.4638	0.2602	0.1139	47.0616	94.8879	35.1316	88.4406	290.6585	-1
124.801	28.4968	2.9535	0.3272	0.1675	100.33	93.3952	19.817	10.8959	319.539	-1
57.5644	20.2196	2.683	0.4232	0.2334	-22.5785	-55.5914	11.8193	26.1085	217.544	-1
96.749	37.6322	3.8609	0.1545	0.0823	-107.834	27.4946	-26.8467	0.087	326.195	+1
24.908	20.8785	2.4639	0.3814	0.2045	14.2823	-16.8727	8.1076	0.8302	254.279	+1
109.8467	81.9429	3.1843	0.1686	0.0795	24.0723	134.2717	-39.5789	87.7864	165.7636	-1
114.176	96.2985	2.9388	0.4571	0.3057	-49.8439	-129.515	104.781	60.221	412.636	-1
78.9483	21.6608	3.095	0.1788	0.0941	33.0047	45.6774	-20.3285	88.9362	242.8974	-1
104.5871	37.1702	3.2437	0.2562	0.1144	-80.5862	-99.2532	-24.5775	8.4966	393.3124	-1
117.515	46.7544	3.293	0.138	0.0751	-106.727	-110.539	37.8686	40.92	173.599	-1
43.3717	34.225	3.3154	0.2036	0.1129	1.6245	29.3569	-28.7441	5.7268	110.342	+1
49.2474	20.7543	3.3033	0.2263	0.1256	19.1143	41.5419	4.9216	8.3432	252.168	+1
24.7422	12.3153	2.5024	0.4937	0.316	12.588	17.9898	-8.0719	52.9186	199.835	-1
94.2137	34.1015	3.8824	0.1276	0.0775	-64.6807	73.5551	16.406	1.2801	265.757	+1
95.598	31.8116	3.3732	0.252	0.1827	-53.0993	-54.7908	-32.6101	4.36	286.971	+1
44.7307	18.8161	3.1472	0.29	0.1607	-65.1894	41.0094	-10.7131	5.1233	264.806	+1
84.8731	24.3425	3.0382	0.2802	0.1442	-13.0393	-55.8522	-10.283	1.92	365.621	+1
22.5867	14.5376	2.317	0.4916	0.2964	-31.6634	16.1668	-4.383	48.751	244.633	+1
65.2174	29.1948	3.4249	0.1703	0.1032	-83.3317	60.9164	-24.1194	12.336	260.772	+1
26.6961	17.6852	2.5988	0.3224	0.1725	32.869	23.2333	4.8227	50.74	169.054	+1
21.1573	19.7997	2.5079	0.5155	0.2624	-22.9223	-16.2688	-12.4017	51.949	188.002	-1
17.6775	10.8143	2.3838	0.5785	0.3037	-22.6554	-9.6813	-3.9859	23.666	145.942	+1
19.5172	15.4178	2.499	0.5452	0.3122	14.8563	17.8343	-13.5523	26.742	250.407	+1
36.185	19.0554	2.7185	0.3021	0.1577	44.9507	28.3973	-15.3647	28.551	269.486	+1
182.5003	76.5568	3.6872	0.1123	0.0666	192.2675	93.0302	-62.6192	82.1691	283.4731	-1
26.0122	12.7403	2.4764	0.5409	0.3122	-12.3651	-22.5077	-7.7198	38.556	163.007	-1
101.2651	50.5664	3.2585	0.2454	0.127	-56.6419	-93.7945	36.5729	30.3729	348.8022	-1
80.7442	34.7793	3.5449	0.1038	0.0583	40.2883	66.1839	9.5819	3.0108	207.337	+1
21.5154	6.9536	2.1717	0.6869	0.3603	25.1513	8.2443	-6.4628	39.3259	232.1	-1
33.4674	14.8588	2.4082	0.4141	0.209	10.6841	-22.6627	4.5012	2.9606	216.285	+1
221.374	58.4763	3.2936	0.2172	0.1178	-244.834	140.212	-42.6319	68.534	179.855	-1
39.9254	14.1326	2.7963	0.3543	0.203	4.074	34.1295	12.6056	55.2698	216.3402	-1
74.1171	36.349	3.2307	0.1952	0.1102	-100.079	56.7992	20.0833	11.6548	238.366	+1
86.7215	68.3604	3.8487	0.1561	0.0804	-87.1881	-34.4964	34.6979	5.338	393.465	-1
227.071	68.9698	3.2999	0.219	0.1276	-232.513	-169.42	-48.9747	75.756	286.85	-1
85.0351	48.4047	3.9532	0.1497	0.0944	-33.5836	49.7822	-26.0969	3.181	351.977	+1
22.1815	7.3637	2.4922	0.797	0.4865	4.3987	-9.5286	-7.9688	82.0983	240.7557	-1
18.5136	16.9251	2.5334	0.5505	0.2914	22.2255	8.0834	-14.1437	11.74	161.406	+1
20.6646	12.6322	2.3589	0.5208	0.3304	15.6523	15.338	5.2813	54.346	244.19	-1
46.4747	26.2463	2.9093	0.451	0.2877	31.0883	46.2872	-18.634	52.4001	153.742	-1
20.3898	9.174	2.4298	0.6245	0.3587	-23.5685	-11.168	-2.6202	7.6029	238.21	+1
67.2079	30.9444	3.3019	0.1617	0.0901	33.793	75.1467	25.6923	15.2612	203.91	+1
34.6141	18.7451	2.792	0.2825	0.1461	-2.6052	21.9193	-2.9381	13.193	203.703	+1
147.318	23.5303	2.6395	0.4495	0.2603	96.1868	143.681	-16.3267	15.957	152.734	-1
54.9287	14.8781	3.0292	0.2609	0.1407	61.8659	41.1847	7.0632	8.831	216.123	+1
60.5877	13.0235	2.9501	0.36	0.1894	31.9826	50.8445	10.7723	0.6164	280.607	-1
22.5428	12.7271	2.2148	0.5793	0.3628	14.0574	15.4765	-9.0181	12.1643	119.125	+1
20.686	7.1638	2.1222	0.7245	0.366	23.7952	10.6607	5.9074	18.8504	187.639	+1
117.546	48.6587	3.5949	0.1484	0.0845	-96.5366	-117.82	32.14	28.412	323.658	-1
85.926	25.8556	3.5283	0.1849	0.0958	-51.201	68.503	7.9699	10.005	276.343	+1
62.1547	22.8527	3.4072	0.1805	0.0949	-15.0925	43.1847	11.8992	3.4278	222.286	+1
69.6056	46.7113	3.8285	0.103	0.0569	1.8354	-18.7832	-54.7592	31.9154	65.139	-1
65.8446	21.3023	3.224	0.1791	0.0934	63.2486	37.9565	5.1343	0.152	243.169	+1
12.9926	10.8059	2.1156	0.751	0.4789	13.52	-5.3597	7.3802	32.917	221.664	+1
20.0758	9.4666	2.3139	0.5971	0.2985	25.9808	-0.2571	-3.5768	34.4105	157.456	+1
64.5788	21.3742	3.343	0.1621	0.0878	55.9987	51.3954	-12.4164	0.209	205.935	+1
37.1464	21.6205	3.3506	0.2502	0.1296	2.7761	28.1556	-12.9581	1.705	78.1894	+1
36.0807	7.6872	2.7316	0.5325	0.2699	-2.2973	26.1708	3.9323	25.105	53.0814	-1
39.0712	26.9637	3.2096	0.195	0.1003	17.4869	31.1031	20.494	41.2088	64.7299	+1
12.9842	11.1771	2.1508	0.7491	0.4205	-14.6888	6.392	10.9724	45.726	199.697	+1
95.5653	18.2896	3.2978	0.3103	0.1845	-25.9408	58.0528	-5.9464	37.5814	322.7701	-1
41.4947	23.9692	3.5532	0.2126	0.109	-2.2167	11.9584	11.5529	5.0887	185.47	+1
31.7211	16.743	2.7348	0.4328	0.2624	10.2169	29.0395	8.5539	7.138	198.147	-1
25.6694	7.9491	2.3927	0.668	0.3745	13.9514	18.2915	6.3585	41.133	184.467	-1
63.9494	21.9903	3.4432	0.2152	0.113	-58.7422	61.6217	14.8788	2.881	281.351	+1
21.4533	10.874	2.2553	0.55	0.275	6.2375	-18.1623	8.6273	26.256	190.149	+1
59.534	27.4756	3.3914	0.2441	0.1403	-56.9153	42.0865	23.4491	6.0118	269.094	+1
73.7512	28.5164	3.4787	0.1677	0.1001	-82.325	60.4878	24.0679	6.3353	259.303	+1
69.6387	18.299	2.9074	0.2859	0.1467	-15.044	63.9612	7.7653	5.6556	246.649	+1
26.757	17.0444	2.6599	0.3895	0.2046	20.9405	24.6741	11.5351	1.9337	140.081	+1
28.239	13.0027	2.5539	0.4553	0.3031	16.4753	11.0485	9.6746	71.8024	234.391	-1
23.193	10.7379	2.7263	0.4789	0.2394	10.156	17.8178	-4.4243	1.935	220.145	-1
187.255	62.7683	3.4443	0.1891	0.1055	-158.202	-152.611	-60.4727	44.665	240.98	-1
14.6612	8.4453	2.4693	0.6919	0.358	-0.5399	1.4321	3.6084	67.6927	108.915	-1
27.2369	19.2143	2.7173	0.3164	0.1812	-17.5434	13.2407	-8.5868	13.341	63.2308	+1
20.6413	12.7878	2.4464	0.5689	0.3524	11.5429	17.6538	-5.5073	40.0066	125.103	+1
22.3607	12.3815	2.3253	0.5154	0.2719	-1.331	9.8102	5.5702	23.99	186.33	+1
82.1714	29.0898	3.6005	0.1989	0.1178	-47.2642	63.5925	-23.7164	0.1989	293.883	+1
93.2945	24.2211	3.2695	0.2032	0.1089	-2.0955	62.521	15.7291	1.851	326.515	+1
53.1862	27.8324	3.1593	0.1954	0.0988	10.2465	28.4831	21.2351	14.399	150.015	+1
28.5425	11.917	2.5647	0.4387	0.2275	-4.0847	-24.532	-10.7587	36.659	132.207	-1
137.7163	66.9956	4.2904	0.0817	0.0374	-5.1016	67.9465	-34.9478	66.6143	334.388	-1
161.606	67.1405	3.1464	0.3583	0.2159	-173.363	60.0966	66.063	28.3269	235.438	-1
19.7247	12.8248	2.3608	0.5795	0.2985	14.6508	6.771	8.7923	17.9567	220.061	+1
102.3369	25.8713	3.2714	0.1219	0.0878	-22.06	-38.8742	18.308	79.7161	81.1097	-1
21.0042	12.8793	2.372	0.5817	0.2994	-7.6677	-15.9531	-7.556	21.891	117.655	+1
18.6083	10.2012	2.248	0.5932	0.3192	0.986	-6.7047	5.9809	88.3435	42.7209	-1
25.5165	15.0138	2.6253	0.4621	0.2713	0.6638	23.9959	-8.2883	26.9872	111.085	+1
126.57	43.5619	3.2807	0.1298	0.0799	-3.1643	66.3045	44.5727	45.4581	88.4568	-1
24.9532	13.5162	2.5977	0.4116	0.2109	-0.3581	-19.7851	7.9345	5.881	244.399	+1
58.3867	12.853	2.7489	0.303	0.1697	-49.5732	-35.9094	-6.2033	89.5595	127.1131	-1
30.4324	24.7446	3.0876	0.2575	0.1377	27.4727	27.7034	-6.6348	6.71	57.6624	+1
72.3176	22.1964	3.0745	0.2364	0.1243	-5.6449	-39.3515	20.9782	46.5918	230.2038	-1
12.7848	11.5692	2.2188	0.7251	0.3837	15.2986	-7.0807	11.2142	86.4459	205.549	+1
50.9423	34.5236	3.46	0.1852	0.1038	39.9312	38.9805	21.6833	0.545	256.112	+1
29.9042	22.6803	2.9031	0.2562	0.1319	7.8367	-14.9016	-15.0364	27.191	116.186	+1
64.219	23.7924	3.0346	0.1754	0.0937	-57.6912	-49.5958	-8.3084	6.665	122.949	-1
111.015	60.4622	4.4604	0.0526	0.0269	128.299	83.2291	24.3567	2.6075	284.34	+1
20.4262	8.99	2.3139	0.6408	0.3956	-22.071	-13.2272	1.2753	61.917	118.875	-1
33.1141	24.2276	2.953	0.3298	0.1922	8.5121	22.7668	17.8465	47.7302	81.4037	+1
39.4843	19.4408	2.4914	0.4452	0.2565	-17.763	-41.0076	-7.6646	1.4023	189.907	+1
17.3371	11.4607	2.5533	0.6406	0.4573	-3.3701	10.5042	-11.3435	4.3202	241.61	-1
32.2558	12.9847	2.3195	0.5772	0.3029	-16.4099	-35.0385	-8.4825	52.9153	24.6089	-1
41.2937	12.6744	2.6942	0.3458	0.181	-35.2253	-30.0301	8.7423	5.153	174.052	+1
28.2315	13.281	2.4591	0.6609	0.4239	-5.6691	22.7801	14.9629	10.6277	237.0969	-1
35.5418	19.0787	2.94	0.279	0.1682	16.6808	13.377	-8.7971	27.4184	155.091	+1
19.1962	7.2453	2.6031	0.7656	0.6172	13.8052	19.1667	-1.4198	29.2578	251.85	-1
17.3357	10.9817	2.2833	0.5781	0.2995	-22.4642	-9.4314	3.6979	22.2335	116.364	+1
46.347	23.8871	2.8751	0.2387	0.138	18.3389	42.1347	-20.3238	7.5772	200.038	+1
58.3631	28.0417	3.2475	0.2342	0.1394	-53.2852	-7.6113	11.7364	4.366	277.076	+1
25.5659	16.3505	2.586	0.3839	0.2166	8.939	17.7941	-7.3356	9.1817	246.247	+1
56.1429	37.2478	3.4331	0.1203	0.0636	25.9497	45.5063	-21.3862	41.9676	152.755	+1
19.2408	9.313	2.2672	0.6486	0.4622	3.1977	-13.5375	9.3671	11.0601	182.291	+1
102.179	21.1275	2.9595	0.2119	0.1147	77.1242	107.617	11.06	3.2562	156.342	+1
44.218	17.5294	2.5717	0.3646	0.1917	-42.1748	-19.0475	17.5626	18.537	168.481	+1
29.6274	14.5327	2.5058	0.4805	0.2449	-33.1172	-21.4287	14.4428	38.887	179.471	-1
20.0506	12.8262	2.451	0.4779	0.2566	16.0724	11.0246	7.2728	25.089	190.638	+1
66.1075	11.957	2.9432	0.2689	0.1578	14.5861	54.47	-8.0502	47.6322	232.857	-1
12.2651	8.0944	2.2553	0.8311	0.4592	-18.7117	16.4279	0.3487	83.6015	141.5295	-1
103.7001	54.0413	3.6049	0.2907	0.1446	-37.9979	-98.8012	16.5146	1.29	431.641	-1
118.539	50.9314	3.4032	0.3173	0.2136	-76.833	-104.408	-22.2363	17.7939	388.062	-1
76.6071	38.925	3.77	0.1921	0.0981	14.4695	53.5394	-25.9534	3.7384	352.186	+1
30.1744	10.3081	2.7511	0.547	0.2824	-3.4827	26.3256	6.485	40.4178	122.1204	-1
37.7828	17.0539	2.6253	0.3436	0.1813	16.8376	29.6012	-10.3231	16.5441	227.715	+1
51.4664	8.8279	2.8346	0.4391	0.2162	46.2015	43.7837	6.9968	39.6762	159.3202	-1
56.2016	45.1354	2.992	0.216	0.1475	-16.3853	39.609	34.8669	45.1622	246.6297	-1
25.0766	15.1314	2.5993	0.4151	0.2277	11.9596	16.6171	10.0893	20.4432	169.707	+1
29.0874	12.3901	2.5392	0.493	0.2457	-2.8449	38.8908	-0.0925	81.8035	155.9057	-1
35.3354	15.4937	2.5587	0.5028	0.308	27.55	31.7957	14.9885	27.14	248	-1
33.7199	10.0718	2.6817	0.4662	0.2529	6.6167	24.4273	-7.3688	57.7589	206.014	-1
39.745	14.4763	2.7255	0.3443	0.2004	52.5721	20.3876	6.2605	23.2283	149.83	+1
38.2154	15.328	2.7774	0.4524	0.2479	16.4993	25.9978	13.6191	79.448	219.851	-1
83.8436	31.8164	3.588	0.1498	0.0853	77.5835	92.3676	25.6721	3.2408	244.771	+1
18.5368	8.6372	2.1299	0.7111	0.3821	33.1508	-6.1591	-7.7178	23.7001	231.405	-1
23.3736	10.7934	2.4526	0.4832	0.2663	8.9849	18.9219	3.391	6.5289	214.57	+1
19.0211	5.8521	2.357	0.8615	0.6264	13.6638	18.7067	4.8082	21.155	223.314	-1
47.6273	20.7344	3.1353	0.2409	0.1476	47.129	26.1856	-15.3335	3.903	154.192	+1
86.6115	18.3473	2.9085	0.2802	0.1414	34.5615	87.6052	-16.5708	2.7047	272.883	+1
36.8034	19.8968	3.0206	0.2794	0.1588	35.5382	16.4042	13.4052	9.87	202.831	+1
81.5827	22.0786	3.1838	0.2502	0.1287	24.4813	51.1844	14.7843	0.5805	354.892	+1
103.274	29.24	3.4659	0.1772	0.1165	-55.235	54.8179	-13.4292	5.2374	286.185	+1
22.61	10.6423	2.1875	0.513	0.2565	34.1147	-17.8097	-9.0497	64.034	253.029	+1
12.863	11.419	2.0434	0.733	0.4027	15.1002	-7.4255	10.8121	17.031	223.366	+1
27.8545	8.0432	2.2201	0.5783	0.2922	-14.4813	16.6641	2.9849	64.398	182.43	-1
24.3415	16.8898	2.586	0.4721	0.2944	11.2914	13.2756	-9.4052	17.904	139.935	+1
34.7572	12.3778	2.6004	0.3563	0.1794	-4.9477	18.219	8.917	18.3397	155.676	+1
22.1854	17.9779	2.372	0.4798	0.2781	6.7497	10.3768	13.1314	85.4955	157.854	+1
94.6741	33.5956	3.9912	0.1232	0.0616	108.849	80.329	19.1019	1.437	305.609	+1
142.692	77.951	3.3627	0.1614	0.0931	-96.1118	-179.644	55.4106	82.9671	231.506	-1
198.7183	99.2397	3.5728	0.1226	0.0547	-150.5884	-98.9017	-120.9131	34.4383	278.564	-1
40.2526	15.3646	2.8618	0.2529	0.1419	-34.0157	16.8333	-10.1782	73.9986	233.5299	-1
32.482	15.9224	2.5004	0.3412	0.1785	-41.9452	-27.8162	15.9327	9.45	219.995	+1
101.301	21.5306	3.1079	0.1825	0.0932	93.7526	76.9919	-15.8726	2.349	243.958	+1
84.9618	27.0715	3.2153	0.2518	0.154	-68.5068	-96.2692	19.9465	17.2309	236.7739	-1
43.1087	32.15	2.8609	0.3388	0.2307	-49.1003	-17.2738	-12.26	19.4398	278.639	-1
28.6874	15.1153	2.618	0.4554	0.2494	15.3396	17.6482	9.2523	4.195	66.3042	+1
133.5869	104.3823	3.2622	0.141	0.0823	-207.3567	104.7099	116.5691	4.1599	119.8979	-1
46.5095	16.7168	2.5637	0.431	0.2112	-17.2024	-31.1099	9.5245	30.0222	109.1007	-1
94.923	25.5776	3.4601	0.1491	0.0754	-60.3048	89.4115	15.5445	0.4546	278.737	+1
38.6741	20.2022	2.9405	0.2362	0.1244	-8.9323	-22.7626	-11.0834	3.4588	119.997	+1
37.8414	14.444	2.6684	0.4313	0.2886	44.7902	24.8328	6.1829	74.1629	212.585	-1
22.0463	16.7734	2.7259	0.4305	0.2209	-13.9931	-12.7762	8.1363	42.592	215.894	+1
21.2877	10.0994	2.179	0.5828	0.3278	5.3474	-16.8421	-10.2674	8.167	244.58	+1
22.651	17.1751	2.6735	0.4645	0.2534	7.4406	-9.902	7.5273	39.676	207.251	-1
63.839	15.2121	2.7356	0.4601	0.2898	79.8441	59.8933	-6.3048	79.4397	127.1812	-1
32.5517	12.968	2.4541	0.5589	0.3708	-29.0313	-24.5179	-10.8125	15.486	156.299	+1
54.6166	26.2752	3.4956	0.1875	0.0969	30.0114	48.0093	-11.0689	3.491	179.773	+1
20.9993	14.4755	2.3073	0.7324	0.3865	-8.6635	9.1086	9.3085	82.8196	50.4097	-1
30.3595	11.4298	2.3766	0.3782	0.1912	-49.3628	22.1543	8.5167	16.73	238.833	+1
23.3274	18.6652	2.736	0.3949	0.2819	8.2379	15.8766	-10.4746	37.3197	64.5903	+1
30.811	12.3499	2.4298	0.3532	0.1987	-36.8167	-23.6387	6.3108	51.746	188.4855	-1
18.8725	17.2617	2.3775	0.5325	0.3333	-23.0535	5.7972	14.5049	49.329	148.828	+1
28.5827	22.8996	2.9678	0.2574	0.1513	7.1813	8.1298	9.1307	24.825	123	+1
32.8354	21.1722	2.7948	0.2598	0.1403	20.4435	20.2216	-4.964	10.1619	187.348	+1
99.4538	23.6241	3.5179	0.1884	0.1097	73.2763	99.3681	-19.7032	4.5762	255.281	+1
77.8664	24.6139	3.5713	0.183	0.1016	55.2716	73.9884	-20.7641	0.011	251.995	+1
32.7716	22.3119	2.5775	0.2328	0.1204	5.8112	18.6852	19.8618	27.3093	95.8153	+1
56.8492	13.7692	2.9045	0.2717	0.1448	24.2813	5.8286	6.8583	1.7972	116.2482	-1
152.4108	53.017	3.1078	0.2442	0.1259	-196.6195	98.1779	35.4278	33.5791	245.8817	-1
38.5154	19.8073	2.8885	0.3116	0.1816	8.3491	-25.2347	-17.3934	9.826	225.185	+1
25.7552	23.1352	3.0953	0.3051	0.1867	-5.8437	-11.8352	17.1565	82.6024	70.0088	+1
35.9235	17.7575	2.6395	0.328	0.2167	-26.1562	-28.7616	-5.3126	0.7528	155.514	+1
20.4079	14.6465	2.4771	0.47	0.2717	1.1802	-9.7435	-6.8304	89.2364	103.368	+1
81.924	24.0344	3.1202	0.2767	0.1823	80.6452	67.9563	-16.8379	4.2963	200.021	+1
40.744	16.0635	2.8145	0.3108	0.1668	15.8622	36.5069	-6.2138	13.3971	284.7751	-1
16.2353	11.6609	2.2601	0.6044	0.3049	1.8728	-6.0473	2.518	87.5679	44.9558	+1
78.7987	17.1072	3.0997	0.3577	0.2039	-36.534	58.9648	14.8361	19.408	326.903	-1
48.1283	18.5833	2.7828	0.3474	0.2407	-51.7059	-39.3737	10.2004	41.2224	91.6196	-1
102.107	19.2212	3.2537	0.3256	0.1921	-43.8058	84.7256	16.3965	3.9345	285.462	-1
58.0363	16.0858	2.9031	0.2313	0.1206	4.6148	18.862	-12.3309	4.9132	133.565	+1
48.8841	14.1835	2.8038	0.3441	0.2176	-23.606	-35.172	-12.5396	1.783	214.303	+1
51.9072	36.4683	3.226	0.164	0.0996	-4.6645	9.1686	21.6918	30.4817	232.841	-1
82.5729	17.0496	3.1355	0.2211	0.1168	-119.471	-28.5004	-6.629	30.3002	213.069	-1
24.5434	12.2962	2.2878	0.6134	0.4046	-25.2336	-15.4641	7.1602	79.211	197.495	+1
17.2203	11.0972	2.2455	0.5795	0.3267	1.8081	-6.9469	-6.0428	88.7401	193.558	+1
45.6353	17.1949	2.7792	0.2893	0.1471	-60.219	-24.9697	-10.5769	6.005	239.805	+1
34.9412	24.3793	3.1654	0.2412	0.1261	32.5757	-23.1328	-14.5903	5.6692	134.926	+1
29.3804	10.8214	2.4788	0.544	0.3127	33.0185	22.8203	11.101	5.6476	187.7766	-1
119.6872	49.1045	3.542	0.1032	0.0488	-3.8804	-121.4758	24.9493	37.48	251.1602	-1
23.1709	14.3812	2.4133	0.4788	0.307	9.572	11.4031	13.6194	34.0936	115.582	+1
20.2525	12.9894	2.2844	0.4935	0.2519	-14.6917	-5.9448	-3.8468	53.563	177.373	+1
25.7828	11.8424	2.7508	0.4602	0.2261	19.5791	15.7364	-8.1274	2.0598	95.7006	-1
167.85	12.7221	2.3434	0.4717	0.2381	-101.778	-137.192	-9.467	73.7502	64.9418	+1
